{'walk_motion': {'joints_array': array([[[-1.81067104e-01, -1.27617553e-02,  2.77510461e-02,
          9.82996298e-01],
        [ 6.43197543e-03,  3.48841960e-02, -3.41002078e-03,
          9.99364845e-01],
        [-8.58894183e-02,  1.03151282e-01, -9.45826376e-02,
          9.86426351e-01],
        ...,
        [ 0.00000000e+00,  0.00000000e+00,  0.00000000e+00,
          1.00000000e+00],
        [ 0.00000000e+00,  0.00000000e+00,  0.00000000e+00,
          1.00000000e+00],
        [ 0.00000000e+00,  0.00000000e+00,  0.00000000e+00,
          1.00000000e+00]],

       [[-1.83604615e-01, -1.49539693e-02,  2.76344186e-02,
          9.82497869e-01],
        [ 1.48885473e-02,  3.93573442e-02, -4.17951640e-03,
          9.99105531e-01],
        [-8.57198543e-02,  1.06782178e-01, -9.06760347e-02,
          9.86421578e-01],
        ...,
        [ 0.00000000e+00,  0.00000000e+00,  0.00000000e+00,
          1.00000000e+00],
        [ 0.00000000e+00,  0.00000000e+00,  0.00000000e+00,
          1.00000000e+00],
        [ 0.00000000e+00,  0.00000000e+00,  0.00000000e+00,
          1.00000000e+00]],

       [[-1.85147952e-01, -1.88862836e-02,  2.65554409e-02,
          9.82170226e-01],
        [ 2.27336448e-02,  4.12653209e-02, -5.27007863e-03,
          9.98875658e-01],
        [-8.65583668e-02,  1.12765274e-01, -8.54375739e-02,
          9.86150122e-01],
        ...,
        [ 0.00000000e+00,  0.00000000e+00,  0.00000000e+00,
          1.00000000e+00],
        [ 0.00000000e+00,  0.00000000e+00,  0.00000000e+00,
          1.00000000e+00],
        [ 0.00000000e+00,  0.00000000e+00,  0.00000000e+00,
          1.00000000e+00]],

       ...,

       [[-1.50243651e-01, -9.20939580e-03,  1.92100994e-02,
          9.88419448e-01],
        [ 9.22701010e-02,  4.89824905e-02, -9.98132299e-04,
          9.94528003e-01],
        [-8.90220295e-02,  1.31535146e-01, -6.16429528e-02,
          9.85379993e-01],
        ...,
        [ 0.00000000e+00,  0.00000000e+00,  0.00000000e+00,
          1.00000000e+00],
        [ 0.00000000e+00,  0.00000000e+00,  0.00000000e+00,
          1.00000000e+00],
        [ 0.00000000e+00,  0.00000000e+00,  0.00000000e+00,
          1.00000000e+00]],

       [[-1.48041503e-01, -6.44880081e-03,  1.88141274e-02,
          9.88781146e-01],
        [ 6.25162131e-02,  4.71391522e-02,  3.01475568e-03,
          9.96925541e-01],
        [-9.01796917e-02,  1.32693098e-01, -6.01758907e-02,
          9.85210144e-01],
        ...,
        [ 0.00000000e+00,  0.00000000e+00,  0.00000000e+00,
          1.00000000e+00],
        [ 0.00000000e+00,  0.00000000e+00,  0.00000000e+00,
          1.00000000e+00],
        [ 0.00000000e+00,  0.00000000e+00,  0.00000000e+00,
          1.00000000e+00]],

       [[-1.45865867e-01, -1.94970384e-03,  1.89743432e-02,
          9.89120479e-01],
        [ 3.58163369e-02,  4.40467692e-02,  5.43696652e-03,
          9.98372431e-01],
        [-9.02886646e-02,  1.31310577e-01, -6.03868611e-02,
          9.85372476e-01],
        ...,
        [ 0.00000000e+00,  0.00000000e+00,  0.00000000e+00,
          1.00000000e+00],
        [ 0.00000000e+00,  0.00000000e+00,  0.00000000e+00,
          1.00000000e+00],
        [ 0.00000000e+00,  0.00000000e+00,  0.00000000e+00,
          1.00000000e+00]]]), 'transform_array': array([[[-0.99540108, -0.0366643 ,  0.08850068,  0.00799552],
        [-0.03074398,  0.99725521,  0.06735656, -0.0032804 ],
        [-0.09072734,  0.06432591, -0.99379611,  0.40824598],
        [ 0.        ,  0.        ,  0.        ,  1.        ]],

       [[-0.99531394, -0.03514091,  0.09008563,  0.00748288],
        [-0.02915969,  0.99733531,  0.0668725 , -0.00447816],
        [-0.09219554,  0.06393223, -0.99368644,  0.3982254 ],
        [ 0.        ,  0.        ,  0.        ,  1.        ]],

       [[-0.99548155, -0.03267811,  0.08915552,  0.00680763],
        [-0.02678994,  0.99742943,  0.06645964, -0.00562864],
        [-0.09109811,  0.06377085, -0.99379796,  0.38804537],
        [ 0.        ,  0.        ,  0.        ,  1.        ]],

       ...,

       [[-0.99757224, -0.03155127,  0.06208178,  0.00927085],
        [-0.02438593,  0.99329948,  0.11296652, -0.00674135],
        [-0.06523004,  0.11117832, -0.9916575 , -0.88205272],
        [ 0.        ,  0.        ,  0.        ,  1.        ]],

       [[-0.9973771 , -0.03388412,  0.06396017,  0.00866336],
        [-0.0267361 ,  0.99362946,  0.10947923, -0.00840783],
        [-0.06726232,  0.10748201, -0.99192911, -0.89195591],
        [ 0.        ,  0.        ,  0.        ,  1.        ]],

       [[-0.99712253, -0.03666897,  0.06634965,  0.00799569],
        [-0.02939847,  0.99377942,  0.1074161 , -0.01010996],
        [-0.06987575,  0.10515641, -0.99199778, -0.90194088],
        [ 0.        ,  0.        ,  0.        ,  1.        ]]]), 'transform_array2': array([[[-0.99820358, -0.03410009,  0.04925754, -0.33693057],
        [-0.0307439 ,  0.99725515,  0.06735648,  0.96021485],
        [-0.05141919,  0.06572112, -0.99651206,  0.40741372],
        [ 0.        ,  0.        ,  0.        ,  1.        ]],

       [[-0.99817407, -0.03259342,  0.05084562, -0.33783782],
        [-0.02915962,  0.99733537,  0.06687257,  0.95901716],
        [-0.05288973,  0.06526786, -0.99646467,  0.39742109],
        [ 0.        ,  0.        ,  0.        ,  1.        ]],

       [[-0.99829876, -0.03013881,  0.04991174, -0.3389138 ],
        [-0.0267898 ,  0.99742937,  0.06645963,  0.95786655],
        [-0.05178645,  0.06500944, -0.99653995,  0.38727564],
        [ 0.        ,  0.        ,  0.        ,  1.        ]],

       ...,

       [[-0.99936777, -0.02714417,  0.02294348, -0.38651836],
        [-0.02438585,  0.99329954,  0.11296643,  0.95675391],
        [-0.02585613,  0.11233556, -0.99333346, -0.88193238],
        [ 0.        ,  0.        ,  0.        ,  1.        ]],

       [[-0.99925274, -0.02962095,  0.02480978, -0.38751581],
        [-0.02673606,  0.99362946,  0.10947921,  0.95508742],
        [-0.02789461,  0.10873414, -0.99367887, -0.89180398],
        [ 0.        ,  0.        ,  0.        ,  1.        ]],

       [[-0.99910164, -0.03249527,  0.02719462, -0.38857654],
        [-0.02939839,  0.99377936,  0.10741615,  0.95338529],
        [-0.03051597,  0.1065202 , -0.99384195, -0.90175486],
        [ 0.        ,  0.        ,  0.        ,  1.        ]]]), 'displacement': array([0.        , 0.0100206 , 0.02020059, 0.03021696, 0.04026944,
       0.05066485, 0.06150208, 0.07280796, 0.08423713, 0.09553062,
       0.10674096, 0.11800412, 0.12960878, 0.14108681, 0.15238469,
       0.16365344, 0.17509362, 0.18656493, 0.19809646, 0.20956542,
       0.22084321, 0.2318059 , 0.24256354, 0.25310945, 0.26347807,
       0.27362221, 0.28361602, 0.29389379, 0.30413816, 0.31448776,
       0.32496585, 0.33509073, 0.34516142, 0.355227  , 0.36507731,
       0.37492523, 0.38486208, 0.39457718, 0.40433804, 0.41413924,
       0.4233987 , 0.43265466, 0.44174191, 0.45108061, 0.46064366,
       0.47022851, 0.47973881, 0.48888396, 0.49766751, 0.50720829,
       0.5160825 , 0.52542776, 0.53503226, 0.54436898, 0.55381393,
       0.56335758, 0.57316463, 0.58285796, 0.59219448, 0.60175559,
       0.61161096, 0.62126076, 0.63083589, 0.64132277, 0.65163339,
       0.66135368, 0.67101955, 0.68072353, 0.69027984, 0.70037981,
       0.71096356, 0.72169218, 0.73220264, 0.74256774, 0.75333084,
       0.76463856, 0.77627417, 0.78791893, 0.799206  , 0.81043877,
       0.8219675 , 0.83346249, 0.84476985, 0.85602401, 0.86708046,
       0.87821672, 0.88932369, 0.89947239, 0.90969184, 0.92038986,
       0.93111479, 0.94177406, 0.95202916, 0.9621144 , 0.97254439,
       0.9830717 , 0.99326694, 1.00411016, 1.0142415 , 1.02433025,
       1.03465066, 1.04493523, 1.05491353, 1.06485386, 1.07488777,
       1.08480497, 1.09459645, 1.10411768, 1.11341876, 1.12265163,
       1.13177637, 1.14074089, 1.15088015, 1.15999513, 1.1690835 ,
       1.17823487, 1.18745031, 1.196317  , 1.20507689, 1.21455517,
       1.22357041, 1.23321436, 1.24221802, 1.25116735, 1.26050162,
       1.27048443, 1.28052383, 1.29029865, 1.30020184, 1.31018677]), 'fps': 120.0}, 'stop_pose': {'joints': array([[ 3.57796719e-02,  2.70101387e-02,  7.85807432e-03,
         9.98963722e-01],
       [ 3.56393546e-02, -3.17991477e-02, -6.71757378e-03,
         9.98836085e-01],
       [-1.46686891e-01,  1.12024497e-01, -2.06084893e-02,
         9.82603052e-01],
       [ 0.00000000e+00,  0.00000000e+00,  0.00000000e+00,
         1.00000000e+00],
       [-9.62386452e-03, -2.73258028e-02,  2.56239158e-02,
         9.99251768e-01],
       [ 1.10255092e-01, -5.09309527e-02,  3.36044814e-05,
         9.92597527e-01],
       [-1.49187864e-01, -1.04476373e-01,  5.35492727e-02,
         9.81814720e-01],
       [ 0.00000000e+00,  0.00000000e+00,  0.00000000e+00,
         1.00000000e+00],
       [ 1.03702577e-01, -1.68003482e-03,  6.66776119e-03,
         9.94584584e-01],
       [-4.95192426e-02, -1.13871886e-02,  2.08134309e-02,
         9.98491351e-01],
       [ 7.32007738e-03, -2.30923733e-02, -3.03127711e-03,
         9.99701941e-01],
       [-1.34813467e-02, -1.12920566e-01,  2.79015140e-02,
         9.93120690e-01],
       [ 5.35067716e-02, -1.57477154e-01, -5.45288674e-04,
         9.86071840e-01],
       [ 0.00000000e+00,  0.00000000e+00,  0.00000000e+00,
         1.00000000e+00],
       [ 0.00000000e+00,  0.00000000e+00,  0.00000000e+00,
         1.00000000e+00],
       [ 0.00000000e+00,  0.00000000e+00,  0.00000000e+00,
         1.00000000e+00],
       [ 4.13229390e-03,  9.73235839e-02, -2.32365090e-01,
         9.67738347e-01],
       [ 4.83118499e-02, -6.72896298e-02, -4.17619205e-01,
         9.04838257e-01],
       [ 5.30998886e-02, -2.28604735e-01,  4.59677030e-02,
         9.70982619e-01],
       [-6.27200359e-02, -4.73946036e-02, -3.69651213e-02,
         9.96219619e-01],
       [ 0.00000000e+00,  0.00000000e+00,  0.00000000e+00,
         1.00000000e+00],
       [ 0.00000000e+00,  0.00000000e+00,  0.00000000e+00,
         1.00000000e+00],
       [ 0.00000000e+00,  0.00000000e+00,  0.00000000e+00,
         1.00000000e+00],
       [ 0.00000000e+00,  0.00000000e+00,  0.00000000e+00,
         1.00000000e+00],
       [ 0.00000000e+00,  0.00000000e+00,  0.00000000e+00,
         1.00000000e+00],
       [ 0.00000000e+00,  0.00000000e+00,  0.00000000e+00,
         1.00000000e+00],
       [ 0.00000000e+00,  0.00000000e+00,  0.00000000e+00,
         1.00000000e+00],
       [ 0.00000000e+00,  0.00000000e+00,  0.00000000e+00,
         1.00000000e+00],
       [ 0.00000000e+00,  0.00000000e+00,  0.00000000e+00,
         1.00000000e+00],
       [ 0.00000000e+00,  0.00000000e+00,  0.00000000e+00,
         1.00000000e+00],
       [ 0.00000000e+00,  0.00000000e+00,  0.00000000e+00,
         1.00000000e+00],
       [ 0.00000000e+00,  0.00000000e+00,  0.00000000e+00,
         1.00000000e+00],
       [ 0.00000000e+00,  0.00000000e+00,  0.00000000e+00,
         1.00000000e+00],
       [ 0.00000000e+00,  0.00000000e+00,  0.00000000e+00,
         1.00000000e+00],
       [ 0.00000000e+00,  0.00000000e+00,  0.00000000e+00,
         1.00000000e+00],
       [-5.03111161e-02, -5.58122609e-02,  2.37710745e-01,
         9.68425209e-01],
       [ 1.13012401e-01,  5.02406160e-02,  4.22596511e-01,
         8.97839778e-01],
       [-3.39513911e-02,  1.83057448e-01, -5.46297396e-02,
         9.80995854e-01],
       [-6.88154617e-02,  2.68172256e-02,  3.45395752e-02,
         9.96670601e-01],
       [ 0.00000000e+00,  0.00000000e+00,  0.00000000e+00,
         1.00000000e+00],
       [ 0.00000000e+00,  0.00000000e+00,  0.00000000e+00,
         1.00000000e+00],
       [ 0.00000000e+00,  0.00000000e+00,  0.00000000e+00,
         1.00000000e+00],
       [ 0.00000000e+00,  0.00000000e+00,  0.00000000e+00,
         1.00000000e+00],
       [ 0.00000000e+00,  0.00000000e+00,  0.00000000e+00,
         1.00000000e+00],
       [ 0.00000000e+00,  0.00000000e+00,  0.00000000e+00,
         1.00000000e+00],
       [ 0.00000000e+00,  0.00000000e+00,  0.00000000e+00,
         1.00000000e+00],
       [ 0.00000000e+00,  0.00000000e+00,  0.00000000e+00,
         1.00000000e+00],
       [ 0.00000000e+00,  0.00000000e+00,  0.00000000e+00,
         1.00000000e+00],
       [ 0.00000000e+00,  0.00000000e+00,  0.00000000e+00,
         1.00000000e+00],
       [ 0.00000000e+00,  0.00000000e+00,  0.00000000e+00,
         1.00000000e+00],
       [ 0.00000000e+00,  0.00000000e+00,  0.00000000e+00,
         1.00000000e+00],
       [ 0.00000000e+00,  0.00000000e+00,  0.00000000e+00,
         1.00000000e+00],
       [ 0.00000000e+00,  0.00000000e+00,  0.00000000e+00,
         1.00000000e+00],
       [ 0.00000000e+00,  0.00000000e+00,  0.00000000e+00,
         1.00000000e+00]]), 'transform': array([[-0.9994732 , -0.02629737,  0.01900218, -0.31078994],
       [-0.02524462,  0.9982398 ,  0.05366492,  1.0003796 ],
       [-0.02037998,  0.05315696, -0.99837786,  2.0011158 ],
       [ 0.        ,  0.        ,  0.        ,  1.        ]],
      dtype=float32)}, 'left_hand': {'pose_motion': {'joints_array': array([[-0.50174759, -0.03960441,  0.07574706, ...,  0.        ,
         0.        ,  1.        ],
       [-0.50762628, -0.03973404,  0.08270999, ...,  0.        ,
         0.        ,  1.        ],
       [-0.50689005, -0.04254335,  0.07819886, ...,  0.        ,
         0.        ,  1.        ],
       ...,
       [-0.08912973,  0.00665571,  0.01119989, ...,  0.        ,
         0.        ,  1.        ],
       [-0.09920445,  0.00387976,  0.01164937, ...,  0.        ,
         0.        ,  1.        ],
       [-0.11395594,  0.0146027 ,  0.01762575, ...,  0.        ,
         0.        ,  1.        ]]), 'transform_array': array([[[ 0.1268934 , -0.7032891 ,  0.69948715,  0.11720763],
        [ 0.90567535,  0.36974692,  0.20745891,  0.09971693],
        [-0.40453678,  0.6071832 ,  0.6838702 ,  0.07027675],
        [ 0.        ,  0.        ,  0.        ,  1.        ]],

       [[ 0.14035714, -0.6766486 ,  0.72280455,  0.12221589],
        [ 0.8785422 ,  0.42176265,  0.22423136,  0.1215542 ],
        [-0.45657778,  0.6035419 ,  0.6536619 ,  0.07543025],
        [ 0.        ,  0.        ,  0.        ,  1.        ]],

       [[ 0.14325121, -0.64833313,  0.74775857,  0.13019703],
        [ 0.84440035,  0.47414955,  0.24933921,  0.14905827],
        [-0.5162042 ,  0.59568965,  0.61537546,  0.08570581],
        [ 0.        ,  0.        ,  0.        ,  1.        ]],

       ...,

       [[ 0.14294252, -0.95849335,  0.24669367, -0.06426122],
        [ 0.10061976,  0.26203528,  0.95979846,  0.11153278],
        [-0.984603  , -0.11237368,  0.13389939, -0.1339965 ],
        [ 0.        ,  0.        ,  0.        ,  1.        ]],

       [[ 0.16118091, -0.9455097 ,  0.28289914, -0.07062519],
        [ 0.10699594,  0.30169863,  0.9473804 ,  0.14419053],
        [-0.9811077 , -0.12243047,  0.1497939 , -0.14636563],
        [ 0.        ,  0.        ,  0.        ,  1.        ]],

       [[ 0.1625404 , -0.9233266 ,  0.34792015, -0.07685411],
        [ 0.05011153,  0.359879  ,  0.9316522 ,  0.18301174],
        [-0.98542845, -0.13399625,  0.10476422, -0.15772171],
        [ 0.        ,  0.        ,  0.        ,  1.        ]]],
      dtype=float32), 'displacement': None, 'fps': 1}, 'coord': array([[-0.60055597, -0.66175032,  0.48647469],
       [-0.60055597, -0.66175032,  0.58647469],
       [-0.60055597, -0.66175032,  0.68647469],
       [-0.60055597, -0.66175032,  0.78647469],
       [-0.4291274 , -0.66175032,  0.48647469],
       [-0.4291274 , -0.66175032,  0.58647469],
       [-0.4291274 , -0.66175032,  0.68647469],
       [-0.4291274 , -0.66175032,  0.78647469],
       [-0.25769883, -0.66175032,  0.48647469],
       [-0.25769883, -0.66175032,  0.58647469],
       [-0.25769883, -0.66175032,  0.68647469],
       [-0.25769883, -0.66175032,  0.78647469],
       [-0.08627025, -0.66175032,  0.48647469],
       [-0.08627025, -0.66175032,  0.58647469],
       [-0.08627025, -0.66175032,  0.68647469],
       [-0.08627025, -0.66175032,  0.78647469],
       [ 0.08515832, -0.66175032,  0.48647469],
       [ 0.08515832, -0.66175032,  0.58647469],
       [ 0.08515832, -0.66175032,  0.68647469],
       [ 0.08515832, -0.66175032,  0.78647469],
       [ 0.25658689, -0.66175032,  0.48647469],
       [ 0.25658689, -0.66175032,  0.58647469],
       [ 0.25658689, -0.66175032,  0.68647469],
       [ 0.25658689, -0.66175032,  0.78647469],
       [ 0.42801546, -0.66175032,  0.48647469],
       [ 0.42801546, -0.66175032,  0.58647469],
       [ 0.42801546, -0.66175032,  0.68647469],
       [ 0.42801546, -0.66175032,  0.78647469],
       [ 0.59944403, -0.66175032,  0.48647469],
       [ 0.59944403, -0.66175032,  0.58647469],
       [ 0.59944403, -0.66175032,  0.68647469],
       [ 0.59944403, -0.66175032,  0.78647469],
       [-0.60055597, -0.43317889,  0.48647469],
       [-0.60055597, -0.43317889,  0.58647469],
       [-0.60055597, -0.43317889,  0.68647469],
       [-0.60055597, -0.43317889,  0.78647469],
       [-0.4291274 , -0.43317889,  0.48647469],
       [-0.4291274 , -0.43317889,  0.58647469],
       [-0.4291274 , -0.43317889,  0.68647469],
       [-0.4291274 , -0.43317889,  0.78647469],
       [-0.25769883, -0.43317889,  0.48647469],
       [-0.25769883, -0.43317889,  0.58647469],
       [-0.25769883, -0.43317889,  0.68647469],
       [-0.25769883, -0.43317889,  0.78647469],
       [-0.08627025, -0.43317889,  0.48647469],
       [-0.08627025, -0.43317889,  0.58647469],
       [-0.08627025, -0.43317889,  0.68647469],
       [-0.08627025, -0.43317889,  0.78647469],
       [ 0.08515832, -0.43317889,  0.48647469],
       [ 0.08515832, -0.43317889,  0.58647469],
       [ 0.08515832, -0.43317889,  0.68647469],
       [ 0.08515832, -0.43317889,  0.78647469],
       [ 0.25658689, -0.43317889,  0.48647469],
       [ 0.25658689, -0.43317889,  0.58647469],
       [ 0.25658689, -0.43317889,  0.68647469],
       [ 0.25658689, -0.43317889,  0.78647469],
       [ 0.42801546, -0.43317889,  0.48647469],
       [ 0.42801546, -0.43317889,  0.58647469],
       [ 0.42801546, -0.43317889,  0.68647469],
       [ 0.42801546, -0.43317889,  0.78647469],
       [ 0.59944403, -0.43317889,  0.48647469],
       [ 0.59944403, -0.43317889,  0.58647469],
       [ 0.59944403, -0.43317889,  0.68647469],
       [ 0.59944403, -0.43317889,  0.78647469],
       [-0.60055597, -0.20460746,  0.48647469],
       [-0.60055597, -0.20460746,  0.58647469],
       [-0.60055597, -0.20460746,  0.68647469],
       [-0.60055597, -0.20460746,  0.78647469],
       [-0.4291274 , -0.20460746,  0.48647469],
       [-0.4291274 , -0.20460746,  0.58647469],
       [-0.4291274 , -0.20460746,  0.68647469],
       [-0.4291274 , -0.20460746,  0.78647469],
       [-0.25769883, -0.20460746,  0.48647469],
       [-0.25769883, -0.20460746,  0.58647469],
       [-0.25769883, -0.20460746,  0.68647469],
       [-0.25769883, -0.20460746,  0.78647469],
       [-0.08627025, -0.20460746,  0.48647469],
       [-0.08627025, -0.20460746,  0.58647469],
       [-0.08627025, -0.20460746,  0.68647469],
       [-0.08627025, -0.20460746,  0.78647469],
       [ 0.08515832, -0.20460746,  0.48647469],
       [ 0.08515832, -0.20460746,  0.58647469],
       [ 0.08515832, -0.20460746,  0.68647469],
       [ 0.08515832, -0.20460746,  0.78647469],
       [ 0.25658689, -0.20460746,  0.48647469],
       [ 0.25658689, -0.20460746,  0.58647469],
       [ 0.25658689, -0.20460746,  0.68647469],
       [ 0.25658689, -0.20460746,  0.78647469],
       [ 0.42801546, -0.20460746,  0.48647469],
       [ 0.42801546, -0.20460746,  0.58647469],
       [ 0.42801546, -0.20460746,  0.68647469],
       [ 0.42801546, -0.20460746,  0.78647469],
       [ 0.59944403, -0.20460746,  0.48647469],
       [ 0.59944403, -0.20460746,  0.58647469],
       [ 0.59944403, -0.20460746,  0.68647469],
       [ 0.59944403, -0.20460746,  0.78647469],
       [-0.60055597,  0.02396397,  0.48647469],
       [-0.60055597,  0.02396397,  0.58647469],
       [-0.60055597,  0.02396397,  0.68647469],
       [-0.60055597,  0.02396397,  0.78647469],
       [-0.4291274 ,  0.02396397,  0.48647469],
       [-0.4291274 ,  0.02396397,  0.58647469],
       [-0.4291274 ,  0.02396397,  0.68647469],
       [-0.4291274 ,  0.02396397,  0.78647469],
       [-0.25769883,  0.02396397,  0.48647469],
       [-0.25769883,  0.02396397,  0.58647469],
       [-0.25769883,  0.02396397,  0.68647469],
       [-0.25769883,  0.02396397,  0.78647469],
       [-0.08627025,  0.02396397,  0.48647469],
       [-0.08627025,  0.02396397,  0.58647469],
       [-0.08627025,  0.02396397,  0.68647469],
       [-0.08627025,  0.02396397,  0.78647469],
       [ 0.08515832,  0.02396397,  0.48647469],
       [ 0.08515832,  0.02396397,  0.58647469],
       [ 0.08515832,  0.02396397,  0.68647469],
       [ 0.08515832,  0.02396397,  0.78647469],
       [ 0.25658689,  0.02396397,  0.48647469],
       [ 0.25658689,  0.02396397,  0.58647469],
       [ 0.25658689,  0.02396397,  0.68647469],
       [ 0.25658689,  0.02396397,  0.78647469],
       [ 0.42801546,  0.02396397,  0.48647469],
       [ 0.42801546,  0.02396397,  0.58647469],
       [ 0.42801546,  0.02396397,  0.68647469],
       [ 0.42801546,  0.02396397,  0.78647469],
       [ 0.59944403,  0.02396397,  0.48647469],
       [ 0.59944403,  0.02396397,  0.58647469],
       [ 0.59944403,  0.02396397,  0.68647469],
       [ 0.59944403,  0.02396397,  0.78647469],
       [-0.60055597,  0.2525354 ,  0.48647469],
       [-0.60055597,  0.2525354 ,  0.58647469],
       [-0.60055597,  0.2525354 ,  0.68647469],
       [-0.60055597,  0.2525354 ,  0.78647469],
       [-0.4291274 ,  0.2525354 ,  0.48647469],
       [-0.4291274 ,  0.2525354 ,  0.58647469],
       [-0.4291274 ,  0.2525354 ,  0.68647469],
       [-0.4291274 ,  0.2525354 ,  0.78647469],
       [-0.25769883,  0.2525354 ,  0.48647469],
       [-0.25769883,  0.2525354 ,  0.58647469],
       [-0.25769883,  0.2525354 ,  0.68647469],
       [-0.25769883,  0.2525354 ,  0.78647469],
       [-0.08627025,  0.2525354 ,  0.48647469],
       [-0.08627025,  0.2525354 ,  0.58647469],
       [-0.08627025,  0.2525354 ,  0.68647469],
       [-0.08627025,  0.2525354 ,  0.78647469],
       [ 0.08515832,  0.2525354 ,  0.48647469],
       [ 0.08515832,  0.2525354 ,  0.58647469],
       [ 0.08515832,  0.2525354 ,  0.68647469],
       [ 0.08515832,  0.2525354 ,  0.78647469],
       [ 0.25658689,  0.2525354 ,  0.48647469],
       [ 0.25658689,  0.2525354 ,  0.58647469],
       [ 0.25658689,  0.2525354 ,  0.68647469],
       [ 0.25658689,  0.2525354 ,  0.78647469],
       [ 0.42801546,  0.2525354 ,  0.48647469],
       [ 0.42801546,  0.2525354 ,  0.58647469],
       [ 0.42801546,  0.2525354 ,  0.68647469],
       [ 0.42801546,  0.2525354 ,  0.78647469],
       [ 0.59944403,  0.2525354 ,  0.48647469],
       [ 0.59944403,  0.2525354 ,  0.58647469],
       [ 0.59944403,  0.2525354 ,  0.68647469],
       [ 0.59944403,  0.2525354 ,  0.78647469],
       [-0.60055597,  0.48110683,  0.48647469],
       [-0.60055597,  0.48110683,  0.58647469],
       [-0.60055597,  0.48110683,  0.68647469],
       [-0.60055597,  0.48110683,  0.78647469],
       [-0.4291274 ,  0.48110683,  0.48647469],
       [-0.4291274 ,  0.48110683,  0.58647469],
       [-0.4291274 ,  0.48110683,  0.68647469],
       [-0.4291274 ,  0.48110683,  0.78647469],
       [-0.25769883,  0.48110683,  0.48647469],
       [-0.25769883,  0.48110683,  0.58647469],
       [-0.25769883,  0.48110683,  0.68647469],
       [-0.25769883,  0.48110683,  0.78647469],
       [-0.08627025,  0.48110683,  0.48647469],
       [-0.08627025,  0.48110683,  0.58647469],
       [-0.08627025,  0.48110683,  0.68647469],
       [-0.08627025,  0.48110683,  0.78647469],
       [ 0.08515832,  0.48110683,  0.48647469],
       [ 0.08515832,  0.48110683,  0.58647469],
       [ 0.08515832,  0.48110683,  0.68647469],
       [ 0.08515832,  0.48110683,  0.78647469],
       [ 0.25658689,  0.48110683,  0.48647469],
       [ 0.25658689,  0.48110683,  0.58647469],
       [ 0.25658689,  0.48110683,  0.68647469],
       [ 0.25658689,  0.48110683,  0.78647469],
       [ 0.42801546,  0.48110683,  0.48647469],
       [ 0.42801546,  0.48110683,  0.58647469],
       [ 0.42801546,  0.48110683,  0.68647469],
       [ 0.42801546,  0.48110683,  0.78647469],
       [ 0.59944403,  0.48110683,  0.48647469],
       [ 0.59944403,  0.48110683,  0.58647469],
       [ 0.59944403,  0.48110683,  0.68647469],
       [ 0.59944403,  0.48110683,  0.78647469],
       [-0.60055597,  0.70967825,  0.48647469],
       [-0.60055597,  0.70967825,  0.58647469],
       [-0.60055597,  0.70967825,  0.68647469],
       [-0.60055597,  0.70967825,  0.78647469],
       [-0.4291274 ,  0.70967825,  0.48647469],
       [-0.4291274 ,  0.70967825,  0.58647469],
       [-0.4291274 ,  0.70967825,  0.68647469],
       [-0.4291274 ,  0.70967825,  0.78647469],
       [-0.25769883,  0.70967825,  0.48647469],
       [-0.25769883,  0.70967825,  0.58647469],
       [-0.25769883,  0.70967825,  0.68647469],
       [-0.25769883,  0.70967825,  0.78647469],
       [-0.08627025,  0.70967825,  0.48647469],
       [-0.08627025,  0.70967825,  0.58647469],
       [-0.08627025,  0.70967825,  0.68647469],
       [-0.08627025,  0.70967825,  0.78647469],
       [ 0.08515832,  0.70967825,  0.48647469],
       [ 0.08515832,  0.70967825,  0.58647469],
       [ 0.08515832,  0.70967825,  0.68647469],
       [ 0.08515832,  0.70967825,  0.78647469],
       [ 0.25658689,  0.70967825,  0.48647469],
       [ 0.25658689,  0.70967825,  0.58647469],
       [ 0.25658689,  0.70967825,  0.68647469],
       [ 0.25658689,  0.70967825,  0.78647469],
       [ 0.42801546,  0.70967825,  0.48647469],
       [ 0.42801546,  0.70967825,  0.58647469],
       [ 0.42801546,  0.70967825,  0.68647469],
       [ 0.42801546,  0.70967825,  0.78647469],
       [ 0.59944403,  0.70967825,  0.48647469],
       [ 0.59944403,  0.70967825,  0.58647469],
       [ 0.59944403,  0.70967825,  0.68647469],
       [ 0.59944403,  0.70967825,  0.78647469],
       [-0.60055597,  0.93824968,  0.48647469],
       [-0.60055597,  0.93824968,  0.58647469],
       [-0.60055597,  0.93824968,  0.68647469],
       [-0.60055597,  0.93824968,  0.78647469],
       [-0.4291274 ,  0.93824968,  0.48647469],
       [-0.4291274 ,  0.93824968,  0.58647469],
       [-0.4291274 ,  0.93824968,  0.68647469],
       [-0.4291274 ,  0.93824968,  0.78647469],
       [-0.25769883,  0.93824968,  0.48647469],
       [-0.25769883,  0.93824968,  0.58647469],
       [-0.25769883,  0.93824968,  0.68647469],
       [-0.25769883,  0.93824968,  0.78647469],
       [-0.08627025,  0.93824968,  0.48647469],
       [-0.08627025,  0.93824968,  0.58647469],
       [-0.08627025,  0.93824968,  0.68647469],
       [-0.08627025,  0.93824968,  0.78647469],
       [ 0.08515832,  0.93824968,  0.48647469],
       [ 0.08515832,  0.93824968,  0.58647469],
       [ 0.08515832,  0.93824968,  0.68647469],
       [ 0.08515832,  0.93824968,  0.78647469],
       [ 0.25658689,  0.93824968,  0.48647469],
       [ 0.25658689,  0.93824968,  0.58647469],
       [ 0.25658689,  0.93824968,  0.68647469],
       [ 0.25658689,  0.93824968,  0.78647469],
       [ 0.42801546,  0.93824968,  0.48647469],
       [ 0.42801546,  0.93824968,  0.58647469],
       [ 0.42801546,  0.93824968,  0.68647469],
       [ 0.42801546,  0.93824968,  0.78647469],
       [ 0.59944403,  0.93824968,  0.48647469],
       [ 0.59944403,  0.93824968,  0.58647469],
       [ 0.59944403,  0.93824968,  0.68647469],
       [ 0.59944403,  0.93824968,  0.78647469]]), 'coord_info': array({'num_bins': array([8, 8, 4]), 'min': array([-0.60055597, -0.66175032,  0.48647469]), 'max': array([0.59944403, 0.93824968, 0.78647469])},
      dtype=object)}}